CpG Position	Locus	F7cl15	F7cl4	CD	CE	2040 Fib	2040cl6	2042 Fib	2042cl1	2042cl9
Chr11:3827858	RHOG	94.37109375	89.4994812	92.99887848	90.23410797	92.47881317	91.30400085	97.83415985	91.40550995	94.32353973
Chr11:3827862	RHOG	92.43800354	90.45178223	92.57300568	90.5411377	87.51322937	91.25157166	83.15130615	91.4407959	93.487854
Chr11:3827875	RHOG	94.65505981	91.64694977	94.40055847	90.53170013	89.39554596	94.44210815	89.54912567	93.25736237	94.17787933
Chr11:3827878	RHOG	94.40631104	89.53937531	94.69846344	88.80290222	94.59172821	92.80028534	97.24156952	91.15969849	91.3534317
Chr11:3827904	RHOG	95.72138214	90.37800598	93.9927063	90.1121521	92.90254211	91.85713959	93.09996033	91.68251038	94.3862381
Chr11:3827910	RHOG	89.91498566	82.59130096	86.7922821	80.85883331	80.55260468	82.56216431	73.08353424	76.4370575	82.57409668
Chr11:3827936	RHOG	95.94496155	92.9116745	96.17021179	91.69300079	94.47396088	93.50870514	93.59253693	93.48859406	94.40991974
Chr11:3827942	RHOG	96.00934601	91.77422333	95.2693634	90.99838257	93.71002197	92.73484039	96.64865875	92.57496643	93.48609161
Chr11:3827962	RHOG	93.74963379	89.60540771	93.86234283	87.53063202	92.91004944	90.99495697	97.67320251	89.18532562	90.33691406
Chr3:181712902	SOX2	0.260179788	0.473391801	0.613294661	0.348281175	1.636296034	0.185219482	1.738490582	0.244064793	0.22146979
Chr3:181712911	SOX2	0.338466734	0.54306078	0.037373316	1.012934685	1.451432824	0.667014778	0.989028692	0.688124299	1.079734206
Chr3:181712923	SOX2	1.439275265	1.077516913	2.779977083	1.199894547	6.450410366	0.684100568	8.654333115	2.728482723	2.035075665
Chr3:181712927	SOX2	0.507839799	0.612850189	0.707956791	0.738215864	4.650297642	0.335225642	12.02843189	0.953648269	0.445163906
Chr3:181712930	SOX2	0.705090225	0.348675042	0.596298993	0.086677976	6.375838757	0.045525055	12.51064777	1.200000048	0.428397864
Chr3:181712935	SOX2	0.306949764	0.345068038	0.068181321	0.071598142	7.036485672	0.561437845	15.78911018	0.799289525	0.722383201
Chr3:181712955	SOX2	0.256149709	0.352396101	0.050593928	0.342943281	5.989583492	0.477500141	13.68825626	1.087197661	0.5946545
Chr3:181712960	SOX2	0.040224411	0.379228294	0.28816542	0.122479744	5.16920805	0.028686173	14.63493252	0.931883752	0.485964566
Chr3:181712963	SOX2	0.029639667	0.180683017	0.02420029	0.169609711	2.713754654	0.032068592	6.912983418	0.332741797	0.451861799
Chr3:181712969	SOX2	0.247765869	0.246993124	0.69126451	0.1470505	10.46944904	0.322596997	23.43012428	1.243615389	0.083171614
Chr3:181712998	SOX2	0.322149932	0.35995701	0.099162623	0.143382698	5.186567307	0.700069308	16.02736855	1.024270773	1.120501995
Chr3:181713014	SOX2	0.446882427	0.298881441	0.563702822	0.305343509	3.645833254	0.317664146	7.121477127	0.798403203	0.066116408
Chr3:181713019	SOX2	0.4469392	0.266709626	0.041847456	0.209248409	3.833271265	0.324521661	8.632480621	0.421566457	0.027729783
Chr3:181713043	SOX2	0.413065583	0.239829615	0.026428808	0.282821417	2.455357075	0.018594587	3.876540422	0.24422735	0.550388277
Chr11:2002886	IGF2-H19	96.45641327	94.23174286	85.12036133	80.21312714	53.18595505	81.76888275	51.85097122	81.93779755	92.83917236
Chr11:2002896	IGF2-H19	95.59431458	93.79784393	80.3862381	74.42479706	54.14507675	74.99809265	51.21959686	80.33472443	91.99897766
Chr11:2002924	IGF2-H19	96.73281097	93.27319336	77.74349213	75.327034	52.46113968	76.2273407	46.73409653	78.99461365	93.20643616
Chr11:2002936	IGF2-H19	96.98950195	94.89034271	78.17803955	79.06018829	56.73575211	81.96170044	55.03216553	85.33811951	95.17663574
Chr11:2002962	IGF2-H19	89.45030975	86.17294312	72.23377991	61.36886597	38.10142899	66.52825928	29.76522636	66.90604401	76.43560791
Chr11:2002989	IGF2-H19	95.72330475	93.91493988	87.13710022	76.1159668	51.04166794	76.55124664	44.80397797	80.70700836	92.15034485
Chr11:2002995	IGF2-H19	94.91698456	93.03876495	82.39128876	74.05294037	52.61096573	75.35285187	49.19786072	81.10047913	91.15144348
Chr11:2003023	IGF2-H19	96.75711823	94.76680756	84.12602234	75.46711731	55.33854294	75.27889252	53.69532013	85.68004608	94.08435059
Chr11:2003026	IGF2-H19	98.12864685	95.36344147	82.84850311	76.84095764	55.54106903	77.27876282	57.33737183	85.34689331	96.44970703
Chr11:2003028	IGF2-H19	97.93758392	95.70503998	85.37944794	71.15501404	53.56679535	75.93131256	56.9314003	84.95522308	94.64559174
Chr11:2003030	IGF2-H19	97.6783371	95.58370972	84.92276764	78.12538147	56.3068924	78.73876953	55.88035202	84.44045258	95.52423859
Chr11:2003050	IGF2-H19	97.04803467	95.1944809	79.64940643	76.82512665	53.43709564	78.44657898	52.54831314	81.19403076	92.19593811
Chr11:2003058	IGF2-H19	98.93553162	95.15732574	87.94516754	77.34384155	54.4863472	81.29930115	54.29174423	83.75149536	93.09475708
Chr11:2003066	IGF2-H19	97.77376556	94.94657898	85.42058563	84.82348633	57.2171669	84.34660339	57.0086441	86.89407349	95.735672
Chr11:2003085	IGF2-H19	96.25414276	93.67073822	88.33938599	80.44665527	51.89048386	85.06322479	45.99489212	83.45366669	95.14967346
Chr2:206257411	GPR1-ZDBF2	46.61579132	49.18363571	51.25290298	51.20714569	43.95300674	47.98870468	39.97425842	55.47073746	90.98387909
Chr2:206257420	GPR1-ZDBF2	61.64948273	63.39685822	69.29473114	66.12377167	54.45134735	67.65548706	39.01012802	67.70502472	88.16202545
Chr2:206257447	GPR1-ZDBF2	42.26105881	45.94381714	49.07449722	48.78350067	39.74982452	50.02563858	34.58415985	53.29494476	84.38260651
Chr2:206257460	GPR1-ZDBF2	52.37312317	50.35530472	53.33414841	51.82746887	45.32872009	52.9192276	36.3633194	56.51340866	88.23947906
Chr2:206257506	GPR1-ZDBF2	50.58353043	53.17075348	51.22861862	55.79072189	41.06648254	54.97314453	31.21648979	56.86024094	90.48938751
Chr2:206257513	GPR1-ZDBF2	35.75806427	38.23247528	42.04482651	41.61846924	30.7479229	41.18081284	22.07403374	46.65391922	79.14512634
Chr2:206257578	GPR1-ZDBF2	37.94782639	40.86554718	44.18291473	43.62062454	33.81843567	41.16887283	32.24547958	49.13957977	83.70742035
Chr2:206257594	GPR1-ZDBF2	46.11365509	47.23908234	46.59031677	49.93351364	40.29126358	46.54029846	42.39077377	55.52715683	94.91226959
Chr2:206257601	GPR1-ZDBF2	44.89512634	46.86987305	51.38182449	51.33952332	43.23570251	46.99245071	39.18014526	56.86024094	94.14717865
Chr2:206257624	GPR1-ZDBF2	39.88838196	45.34569168	47.4954071	46.74144363	34.67127991	43.34941101	34.37848282	53.69897842	88.26507568
Chr2:206257635	GPR1-ZDBF2	44.90842438	48.83582306	50.21590805	51.00086975	42.5605545	48.76878738	39.65925598	56.56887817	93.42972565
Chr2:206257639	GPR1-ZDBF2	43.12637329	48.99254608	52.51340103	50.80348587	40.471241	47.11388397	39.4853363	55.80356979	92.3246994
Chr14:100809368	IG-DMR (CG4)	98.55867004	92.90420532	64.91036987	58.68442917	55.33088303	84.22783661	50.86228943	88.16771698	95.82463837
Chr14:100809370	IG-DMR (CG4)	94.89028168	92.38249969	63.10099411	60.03310776	52.7624321	82.91650391	36.29572296	86.83908081	93.79611206
Chr14:100809375	IG-DMR (CG4)	97.33811188	88.83955383	62.62342834	60.2829895	53.00092316	83.59443665	38.65362167	85.00861359	94.39984894
Chr14:100809386	IG-DMR (CG4)	96.92614746	92.41313934	59.60299301	59.03609848	54.36180115	85.14719391	53.39768219	90.2817688	95.41152191
Chr14:100809388	IG-DMR (CG4)	96.95417786	92.36732483	66.8849411	60.13953018	53.6832428	83.03914642	43.62770462	87.66494751	96.20006561
Chr14:100809517	IG-DMR (CG4)	95.36110687	92.07486725	65.75820923	58.91808319	60.33210373	82.9028244	52.64107132	85.88710022	97.65701294
Chr14:100809538	IG-DMR (CG4)	98.2073822	91.74989319	67.20533752	62.94208527	60.81330872	88.10388184	52.7631073	84.68624115	93.76074982
Chr14:100809553	IG-DMR (CG4)	97.54754639	93.24488068	77.41851044	73.51937103	65.09259033	91.43034363	57.24413681	90.09786987	93.64710236
Chr14:100809612	IG-DMR (CG4)	93.29660034	83.35118866	67.71920776	60.30224609	39.96299744	74.07807922	27.35593605	53.31030655	52.16865158
Chr15:24954889	SNURF-SNRPN	33.01199722	39.09444427	29.74798012	36.26096344	23.00242043	36.1669693	31.25374413	21.37070274	40.62337112
Chr15:24954902	SNURF-SNRPN	33.98664856	38.77011108	31.0983429	35.94147873	23.46097946	35.63323975	31.74906731	22.49945259	40.9844017
Chr15:24954908	SNURF-SNRPN	33.72134399	40.00124359	36.02867126	37.41545486	27.08231926	36.8320694	36.74264145	25.39473724	42.13388824
Chr15:24954910	SNURF-SNRPN	33.62854004	39.98381424	35.86015701	38.38886642	26.78658295	38.66807175	37.52997208	25.70113945	42.48789597
Chr15:24954914	SNURF-SNRPN	33.30594254	39.27237701	35.68466568	37.89598083	26.7216301	37.65336609	35.40845108	25.34501648	42.38879395
Chr15:24954930	SNURF-SNRPN	33.79662704	39.68367767	35.3854599	37.95804977	26.99951553	38.13831329	36.07710266	25.68042183	41.69803619
Chr15:24954932	SNURF-SNRPN	33.56665802	39.6288681	35.42773438	38.35337067	26.71829605	38.96567154	35.80155945	25.1040535	41.65611267
Chr15:24954944	SNURF-SNRPN	34.32003403	39.96323776	35.30895996	38.19865036	26.56325722	39.09946823	35.15304184	24.96164894	41.61726761
Chr15:24954956	SNURF-SNRPN	33.52630234	40.41174698	35.8082695	38.90953064	26.43065071	38.89113617	36.42023849	25.19736862	42.94025421
Chr15:24954966	SNURF-SNRPN	33.69456482	40.49354935	34.86063385	39.15539551	26.5276432	39.27269363	36.71353531	25.48245621	43.94284058
Chr15:24954977	SNURF-SNRPN	32.74703217	39.1487236	34.01638412	37.29751205	25.82364273	37.06320572	35.46004486	24.5671711	41.97650528
Chr15:24954986	SNURF-SNRPN	33.40606689	40.05174255	35.69903946	40.0790596	26.85769844	39.51462173	36.55638504	25.90480423	42.24526978
Chr15:24954998	SNURF-SNRPN	34.21590042	39.91955566	33.15035248	38.31797409	25.79075432	36.87366104	35.80659866	24.12886238	43.79597473
Chr15:24955002	SNURF-SNRPN	33.56628418	39.28660583	33.26672363	38.00186157	25.2789917	37.75933456	34.9694252	23.88486099	42.1811409
Chr15:24955005	SNURF-SNRPN	33.56743622	40.23945236	35.43274689	38.92175293	26.33365631	39.06415558	36.98706055	25.65284157	42.54071426
Chr15:24955018	SNURF-SNRPN	33.13863754	39.04233551	33.4925499	36.19448853	24.70873833	38.19018555	33.34563446	23.29097366	40.18377304
Chr15:24955035	SNURF-SNRPN	34.13785553	40.22888184	35.50218201	39.72596359	27.40524864	39.5904808	35.63518143	24.84622192	42.75573349
Chr15:24955045	SNURF-SNRPN	34.02009964	40.42878723	34.86462402	39.23675919	26.10597992	37.88655853	34.8514595	24.27568054	43.13857269
Chr15:24955047	SNURF-SNRPN	34.15763474	40.47678375	35.84502029	39.48386765	26.21359253	37.87293625	36.65813065	25.02194977	42.2372551
Chr15:24955055	SNURF-SNRPN	34.22252655	40.3870163	35.53488922	39.93423843	26.78658295	38.85147476	36.05618286	25.21395683	41.02295685
Chr15:24955074	SNURF-SNRPN	34.21638489	40.62948227	34.04294586	39.6722908	25.43689346	38.65751266	34.27370834	23.2456131	41.913414
Chr19:56837540	PEG3	89.10895538	88.83092499	84.60848236	84.78557587	47.20394897	88.12566376	34.11082077	43.83081818	56.58863068
Chr19:56837544	PEG3	92.03934479	90.70209503	90.52080536	86.97782135	49.91790009	90.77303314	40.7722435	44.9380722	55.49480057
Chr19:56837551	PEG3	90.8677597	87.0848465	91.34984589	87.28659821	44.04272842	88.11134338	30.76922989	41.88861847	55.34550858
Chr19:56837567	PEG3	34.34564209	37.81953812	18.23297882	17.22396278	9.934318542	29.41397476	11.40437222	6.135629654	4.80275774
Chr19:56837588	PEG3	58.3071022	68.20209503	61.27150345	57.94156265	33.30578613	62.43028259	33.63951492	25.04718208	26.02280807
Chr19:56837608	PEG3	75.71878052	79.65100098	80.85986328	73.89744568	40.625	83.6839447	33.43183517	36.93135834	44.12891388
Chr19:56837623	PEG3	88.3922348	89.0499115	85.92089844	83.9682312	46.6171608	90.72966003	34.86013794	43.94388962	54.47852707
Chr19:56837645	PEG3	95.83843231	91.3150177	88.92876434	93.14196014	51.85185242	93.96273804	42.77350998	46.63616943	55.91007614
Chr19:56837658	PEG3	94.82155609	94.83802032	90.86965179	92.06469727	50.24711609	97.59092712	40.1745491	48.18108368	60.43854904
Chr19:56837660	PEG3	96.44091034	95.50639343	96.31697083	94.31559753	49.67105103	96.49568176	39.68919754	47.86002731	60.17631149